  File: /data/mephi-web
  Size: 4096      	Blocks: 8          IO Block: 4096   directory
Device: 8,17	Inode: 2           Links: 3
Access: (2775/drwxrwsr-x)  Uid: ( 1000/mephi-admin)   Gid: ( 1000/mephi-devs)
Context: system_u:object_r:httpd_sys_content_t:s0
Access: 2026-03-29 17:50:29.743751787 +0300
Modify: 2026-03-29 17:08:34.280079693 +0300
Change: 2026-03-29 17:08:34.280079693 +0300
 Birth: 2026-03-29 15:32:14.000000000 +0300
